8524
7218
556
875
2748
5693
8077
3089
3866
1874
6673
4365
2784
2132
3406
3066
5707
9453
2153
2685
8366
832
8501
3285
3594
2047
9759
147
1677
686
2058
6892
2713
5320
7158
6220
583
624
8007
4573
6955
9291
8131
5897
650
348
6971
2957
4169
6431
4269
3982
5319
1946
8202
2192
8046
1713
9924
1957
2726
9450
1994
2547
2635
8896
9319
9385
4687
4171
2584
178
723
7696
2461
4507
19
7989
3217
2994
7167
3800
4909
2768
2785
5808
1706
9081
9308
2532
7414
9440
8897
5339
1993
1376
184
452
5576
809
3629
7751
5129
9208
4377
8282
7672
9450
7475
1801
9033
7314
3254
6864
5280
841
6949
3755
2126
5573
2396
2112
2060
7902
5240
2475
6813
1756
5034
9162
7038
4725
3976
922
3010
1142
8741
610
8812
2079
5459
3278
5355
4692
1525
2063
2557
2098
921
4641
7693
3471
5638
9197
1359
3668
8195
4192
1871
8399
5704
428
8020
852
921
765
9786
4565
2416
9839
2432
6466
4410
5902
6543
1314
1621
3133
8189
386
4743
5467
3457
6445
675
7059
5383
4093
1128
5812
4934
656
5723
9088
8801
5471
9350
8040
3067
1004
4545
5656
1054
474
6160
1295
6541
769
3725
9410
9592
3345
3687
754
656
8343
4154
107
1868
7550
4337
9101
8892
6360
4698
1744
6700
3118
1081
2724
3883
3860
352
8887
3164
2991
2238
8603
4412
5755
6869
5831
8454
7945
8880
8700
7347
7654
7108
5579
2822
3442
3350
2277
1751
4143
2781
3363
5006
9352
394
1239
5619
6708
2838
419
7059
6699
1098
649
7110
4680
5093
4626
2430
1104
3913
3955
3938
4738
39
5244
4525
4959
9549
2771
3872
8348
6205
1745
8511
757
191
1995
1243
4997
1082
3972
1467
2531
5359
9472
3937
5055
1286
9164
7914
6302
9309
8685
7029
130
7837
7543
6456
781
6784
2767
3503
5191
6209
3058
7975
4942
3074
9846
7147
1582
4708
1634
6620
6914
98
9098
6550
1801
3343
110
2800
5276
5281
3204
4500
1775
4862
2674
2368
3381
5830
2592
1244
8297
2881
5230
5661
539
4107
8866
6538
1192
6652
2789
9789
8366
1789
4462
4492
4477
5240
6494
9257
3553
3439
9806
7654
9488
7088
4742
1981
6255
7160
7328
5583
8698
6853
2861
8107
9971
9744
2342
513
4267
7627
2421
8680
5359
6599
788
2429
2820
4266
7414
2653
7686
623
2773
7380
494
8269
9612
6519
1154
2637
8502
1823
9297
6534
2311
5047
1151
6139
7242
2520
7582
4424
1114
2499
8462
393
5908
4607
1206
8252
4797
7091
2483
9527
64
5222
2192
8237
7051
8709
9159
6589
9627
1462
407
9179
1076
490
5783
6371
5285
9431
8089
7148
2284
4727
8195
5962
710
1467
5882
5574
6170
3717
3775
849
1623
2308
5551
1830
6890
7249
1302
7504
7893
42
2515
9821
9484
1644
6594
449
4641
2166
7382
6445
6643
7580
4405
4722
9763
1961
3273
689
1895
6873
1187
6676
1074
7654
2787
8274
6259
2337
5173
799
2477
3763
7982
6802
7927
5525
104
5308
2693
9533
4459
6277
8807
6473
2428
8857
8545
4001
4442
8595
7931
2408
5366
8793
6793
9859
5219
3496
6189
2910
9391
4353
6235
1179
1040
1780
2398
9580
5554
4812
7737
5459
5728
8380
7921
1096
1394
6408
57
2315
7862
4839
302
7674
2449
3143
836
8181
6039
7809
5008
9408
3594
4670
6776
1497
4400
6955
8951
5530
1512
2521
8358
4529
9470
569
1495
5407
1453
7878
6515
9518
1108
8274
7864
5991
2364
8134
4475
4226
8617
9300
3876
3774
5679
3487
2618
7972
1574
5070
2012
1063
2033
3388
1282
5375
8604
3972
7107
6567
1013
699
1048
579
7469
1070
5073
4950
1598
3566
966
1955
6494
9369
9553
1154
101
3931
2570
7285
4556
7717
1603
907
4966
4828
758
7285
1763
7493
699
472
2275
2000
8766
5586
2104
3170
1985
880
9359
1704
4478
5983
9553
7192
1631
962
1268
8826
8049
5700
1671
1496
9510
2990
1951
3954
1946
4667
1147
8884
8281
57
5694
4764
6767
2515
2046
3367
8720
3309
1417
6203
6697
7744
616
8026
5302
4119
1222
7925
758
7369
4194
1855
1419
6744
7346
6500
1991
4280
1899
906
5924
1460
8287
5511
5826
1694
7271
995
5462
8805
9025
415
224
2092
7147
3206
3054
4745
3649
675
1616
8795
8035
6483
5852
336
2074
668
4483
773
3804
2399
835
2319
9790
6618
5934
5802
9626
400
6299
2672
2
157
2412
7932
1251
6309
8512
4000
2637
7916
6921
4372
978
4684
1392
6207
845
1586
7767
1146
6821
2745
7520
9011
9266
156
6301
8176
5600
310
9848
8950
417
7100
4291
360
2440
2525
2594
6243
3923
2953
8792
8074
984
3536
9455
7229
1092
1308
8332
1983
7247
7410
6082
9416
8500
5125
5350
8968
1856
8924
7555
414
137
3684
8879
8520
4865
4824
4589
108
874
3249
1957
4534
7885
6201
4289
6082
6806
1588
7417
8828
4322
6865
2225
150
5835
221
721
8986
6931
6058
2005
8577
1744
8206
102
7748
87
9486
1082
2961
9580
3196
1431
735
1688
846
1278
8645
3004
2802
5477
5737
1925
431
1717
2101
7872
1069
6502
1390
6768
2072
5847
6455
9918
1425
2178
4659
1537
565
9791
907
7150
9650
5912
3247
9809
7256
334
2304
2957
3324
9418
189
8576
7971
3158
6588
7771
220
3229
4460
7488
2335
9023
8568
2060
8261
7466
4830
5592
3735
5734
8785
1722
860
543
2061
8770
7453
9737
5945
962
2924
2591
4785
2972
9893
3516
9204
8643
1619
3422
4363
4315
3829
2615
5404
9362
8867
3078
5117
7731
6908
9525
2941
5224
2001
9684
6752
2496
2312
7831
4425
7874
8297
3100
4477
2913
7149
7055
9813
5696
1673
8817
6852
9880
1317
534
1722
4039
9249
9806
5800
843
6842
4614
1221
7840
714
2448
2017
630
6014
8560
6872
38
3068
9961
9337
6374
9540
6407
1479
9627
6486
4830
2799
6991
100
3987
2715
2100
7882
3194
2279
760
843
48
4674
777
6030
6089
7672
3610
7753
1469
8381
2054
3324
6942
4556
8740
1873
4269
6001
2156
6322
1629
964
330
1564
2552
6151
2272
5699
9698
4001
9649
3990
4939
1389
9035
9445
5384
8652
7588
5568
3396
5554
5081
6545
8723
7680
4498
2268
1703
4989
6026
5606
3063
2458
4750
7636
1404
7462
9844
9494
526
2144
2622
2980
3999
2651
3103
3847
8789
2247
6125
8043
2318
957
1303
7139
7504
1371
3849
462
4303
7713
7774
1225
2194
6283
1446
3557
5783
1888
3896
4058
566
3626
1129
6748
7540
6791
2797
4589
3977
3631
9117
1539
740
6967
1162
1979
9165
1718
6097
2894
1563
7718
9424
6995
8535
1021
87
2342
993
7868
1763
5576
3922
7096
7863
310
3170
5335
7884
1182
7834
3101
2171
4031
2300
856
8888
9328
6034
3321
7953
388
277
2820
9558
5357
9119
377
9452
3087
3474
5348
6269
7158
9450
5249
6323
4762
6865
1317
229
66
930
537
2768
2967
704
2472
1433
9915
2423
9739
3538
8777
7299
4035
5019
9518
6352
1479
2955
8200
9730
3006
2335
1614
6919
1439
5715
8977
7433
2039
4415
146
4119
6475
5795
180
5255
4862
7846
8626
1861
4118
8843
2740
3391
3882
3669
8542
164
5502
4189
7866
3562
1027
2065
5912
5311
5832
7119
2370
6514
5238
8819
1717
867
3802
5245
5277
5320
2580
2662
7279
8786
1952
36
1965
3840
9154
1629
3958
9698
1512
1385
1116
2672
8331
2426
9482
8363
2021
9024
438
8580
5689
2840
9235
7693
7760
3589
2874
5869
8912
1442
4618
7928
3858
695
2221
2301
7075
4346
4221
5009
9227
4647
9223
2061
2573
339
3150
7956
414
1790
1987
936
6906
9671
5157
2029
1475
6868
1971
4701
5883
770
9081
2157
1108
730
2587
9728
1909
9989
4715
8139
2416
7025
5073
2329
5682
2052
204
3488
7611
1488
836
3716
1135
7992
561
4986
3196
4066
6577
5216
9789
5485
3270
9099
1790
1301
2687
8208
6656
7749
4985
3111
5503
668
9332
4141
2787
6532
2554
809
1492
4991
2414
8194
6593
274
6226
734
755
1574
4011
8110
125
9756
9481
56
4647
4369
2689
9893
284
3379
7037
397
800
7907
5976
6527
518
2075
2882
9446
3360
418
9931
7400
8536
2781
9853
6048
5407
4889
2138
5215
3429
470
6936
1086
776
7606
6074
6999
8800
886
7042
4149
202
8476
2291
8585
9779
2466
6956
911
6872
4994
1601
8272
8188
4499
6076
5224
2458
9682
7669
5659
2203
8308
9021
6388
857
555
2401
110
8645
2535
5325
3271
727
1215
3343
2242
4676
2513
5774
8699
8036
582
2795
2272
2741
3737
6454
1774
634
9034
9556
6938
2152
4973
1583
450
1762
168
6239
5411
531
7150
7448
3115
4509
677
276
7793
3583
815
7266
7220
748
3687
8350
9234
3658
7066
5012
123
8248
7896
5599
6612
1556
3194
1863
1440
7179
5271
1003
844
9442
6274
362
5481
1573
7750
4776
2832
3614
1461
3519
5633
1256
3757
1956
1821
3908
9308
1628
2213
1500
8629
4143
7842
9126
6723
6796
1206
3148
398
653
3794
794
3548
7947
1386
4295
3497
4613
3318
7847
634
6318
9546
3695
2111
7845
5529
2427
9079
6952
901
8942
3768
6843
3850
5080
335
3014
6348
9132
3653
6925
637
4274
2563
1012
3828
7402
6391
2562
5275
6403
1703
4373
1015
1787
1941
8023
1453
6887
3252
7488
1027
4245
4954
8667
3461
1136
7063
1309
7146
1412
1621
7636
8886
1075
3472
2828
9488
744
6775
248
7559
2601
132
559
1312
2674
9384
6116
3523
9232
8027
2202
6648
8970
6771
9592
3868
7751
3730
2170
8632
1388
1685
1145
1651
1125
7450
8060
7031
7591
7938
9838
7394
1267
1336
7441
926
7549
2448
755
2962
4605
6787
6992
8266
4261
138
1209
4021
4117
953
7476
9518
1116
5246
1892
6574
3088
6698
1066
1567
2496
2272
1276
9300
8727
5595
4517
9559
8259
6549
1117
2131
5191
5013
4682
8371
9150
1688
118
9546
3698
2067
1572
4965
5004
1736
2094
2429
4364
1672
5904
4658
667
6808
586
6165
7278
374
978
6132
9006
4510
7992
6220
9142
3672
5022
361
7789
2692
9000
7826
389
9737
8496
4883
7043
1834
7278
8058
1088
3851
5254
9846
7967
4290
7105
941
3488
5233
7408
3246
4644
8259
1646
7718
578
293
4694
2390
6682
759
1078
148
7896
2115
914
2865
1882
2557
6284
668
3669
1275
9794
9893
4310
3799
712
4948
2661
2451
9624
8251
4078
5437
9495
249
3427
2355
74
1825
7452
1976
2888
9562
3121
1144
6722
4488
9289
8328
1264
1995
1252
7473
8830
4006
262
4591
1831
6803
3300
8101
9297
2181
2404
2788
5658
4733
9280
2203
6160
2482
6844
8768
4279
5787
4473
7024
5206
6238
5848
980
9379
2143
6179
4229
1361
7841
1512
561
6967
720
3719
2046
8867
5282
1534
4463
5871
7691
6771
9365
8722
1856
9490
6503
2874
303
9096
3749
8120
4893
1567
2521
9404
9583
602
5423
1620
6270
8868
3014
399
3748
5428
9639
3863
9788
8500
2022
6414
1241
6034
8232
9383
4965
6838
2420
2377
5726
8405
3564
1376
2604
6038
1294
7892
4549
7107
2117
4158
8916
2722
7894
2488
1304
1444
24
580
1609
989
8899
6880
7569
7638
380
2232
7736
6528
1168
7036
1968
7018
5280
5044
1810
6740
8587
1938
3945
2548
7474
9831
3549
1353
5784
4136
6099
3519
6136
3938
5875
3506
1468
4636
4457
1959
9483
5516
8081
7479
2034
4412
77
3821
422
4430
8633
3506
329
4718
9201
5286
140
9815
5457
930
7444
6793
6444
2140
9168
5786
9697
1211
7977
3130
2523
5340
4698
9947
360
4804
4483
2608
1165
3671
7081
3461
104
1288
7088
7184
4582
9649
7019
3287
3606
7206
5507
5218
3485
4837
8567
434
3867
1616
1315
6354
5214
95
6212
7629
917
3199
4314
5809
872
5696
4367
1298
6311
2926
6839
9137
5488
1469
4345
3582
6181
1051
13
252
3965
6800
7574
3589
3929
7353
1778
1613
1578
2806
5231
363
2545
2480
5808
3205
4279
4991
6880
5724
5486
843
2199
5384
1847
2546
3835
965
7814
3993
8409
7742
7459
3030
3220
6184
6339
3405
7069
9523
726
1562
6755
9644
7250
2047
9581
5606
992
8158
5782
6987
5077
2585
3191
4046
4724
1719
8236
2626
5121
4378
16
2384
6377
1727
5258
5013
2305
5414
6764
8474
7372
4883
4041
8360
721
259
6424
6060
684
531
3254
5031
7284
6350
4480
2089
2477
3797
8545
9919
3935
8436
7097
3883
3190
5363
5535
4867
6715
5834
616
172
1827
1096
1369
9096
631
1222
1769
6461
1396
6183
9738
1193
2451
9923
8138
1491
1836
9556
5093
9428
3766
288
8253
3557
8738
5145
5852
9162
6441
546
249
5168
8931
1731
4042
4131
6634
766
5689
9251
6766
3458
3930
6504
1210
3440
8108
7540
2359
1276
926
9127
6112
3638
5027
4969
6693
8250
4569
6547
4804
9477
231
6255
196
2586
8389
2673
2068
1540
8432
7414
500
3900
3854
8925
2338
460
1278
1602
8136
8277
5652
3922
8915
78
3604
3292
791
6127
1069
7061
4338
5981
1465
5071
8894
5430
1761
5323
2251
8543
4885
12
9133
6092
253
3342
6593
8593
874
55
2693
310
4368
5645
2105
6320
4808
8712
369
8958
8529
7673
6796
8528
567
6570
9434
3535
5303
5144
3417
4665
1809
3887
4800
9052
431
1573
9488
8869
8597
890
5784
1401
5962
8590
9289
8659
6870
4724
3129
2895
76
7813
7611
2407
3258
712
6286
1677
8414
4896
2085
7912
3372
1959
2471
8834
7181
7898
4680
1905
2490
7108
6600
1540
3113
8447
3290
4049
5431
904
8536
8364
3703
8307
9733
794
2666
3536
6755
599
5983
8732
150
1413
3917
4922
7177
231
9855
5219
575
6205
7999
7788
6093
4992
6758
599
1686
1792
5234
7373
2727
4523
7353
9675
4260
289
6558
7162
3746
2550
4994
7731
2566
648
2428
9554
2318
6770
6060
6138
2031
2625
7980
9786
3583
4756
6088
7359
196
6313
3968
2026
828
9269
5531
2131
9806
8772
2878
1486
225
5747
7918
5437
6892
6217
6994
3174
1358
7949
4429
5719
5887
7140
9930
8807
1222
9802
4088
7966
2060
7155
3960
1607
7408
6466
3765
7285
8669
7546
4212
6949
7530
8211
2716
9555
976
6608
1415
6415
6129
302
4617
416
9894
847
1521
2793
3994
3368
7533
5820
4198
3448
2179
637
8796
9786
8606
9208
9592
7500
7782
70
7059
5633
9443
4715
3578
2660
8594
451
5759
799
7305
9151
3790
7194
2296
4074
2483
4663
8688
9554
2746
7742
233
4179
9687
565
2095
6133
3303
178
5452
7913
5814
3508
8108
2479
978
7567
1612
9773
7744
8982
4196
9467
2062
285
6439
9986
7337
7167
841
9190
3056
2174
9905
8913
4840
2714
63
3219
9746
3940
6495
855
8090
7763
8046
1335
368
2407
5420
9410
6876
2059
8019
1373
110
6576
8312
8408
4804
7560
3839
8914
6928
1232
2083
992
7385
5042
7671
8090
2545
570
4822
2582
2086
1367
4082
2234
5389
612
2379
7708
6316
8744
9758
7340
9782
9339
4144
3300
1197
9562
5787
8142
914
60
601
951
7745
6166
7262
9763
76
8667
7291
1793
532
3256
7599
4752
7199
3504
5025
9090
2054
4788
6956
8464
446
8037
346
1934
3962
92
3044
4913
9711
3386
1160
1566
4712
6203
3277
4180
4395
7489
4323
8797
1755
1102
2702
3697
5103
4754
4997
220
5683
1910
2646
8305
2382
1719
7964
6591
7844
343
2995
5267
2765
6593
9643
1693
2678
5708
2875
9751
9542
8642
2056
8916
9683
9617
2823
2502
8694
5921
4111
2147
6092
5031
3651
1816
622
1785
9918
1166
420
7475
2351
1100
1510
1882
1032
733
7795
2272
9777
3508
3237
6087
1266
6317
1076
1176
9649
9830
2938
5382
8825
8158
535
6111
7820
6412
8343
7523
9305
4563
4864
152
5009
6773
5520
2109
487
9701
5655
9454
3191
482
5184
1671
4601
177
8294
733
357
8505
325
4937
3000
389
6334
8614
4024
9205
9007
3341
3861
1767
9954
1310
6961
3573
1893
2482
577
6318
842
2319
1652
7097
1536
2364
2115
5750
8225
902
8682
5512
9789
5970
2375
5985
9176
9203
9392
3164
4223
5998
8729
8305
1761
1548
9686
2484
4171
3329
5742
9919
1844
4667
9185
3937
427
4716
4043
1607
1661
4108
9385
298
3948
7752
5627
3705
4812
6047
4843
2024
5888
7375
926
3017
4724
6812
8456
5882
2348
97
597
3152
4445
4570
8069
4051
6442
8704
9719
4089
6691
3206
8249
9239
2937
1909
543
85
9060
8819
2322
914
1272
7241
411
5288
8885
708
6801
8608
5631
587
4399
6441
2798
531
7145
4646
7846
1120
1424
8390
7001
862
9315
7336
571
5183
5081
6669
8871
5925
2029
6352
5169
4945
6249
7812
1579
8349
2038
9662
9675
488
8275
3523
8349
8096
740
2626
421
3876
7773
4709
1880
170
7647
7588
1580
9439
1841
2154
1261
7277
7955
92
6049
7730
4912
3832
2974
9119
2514
4970
2122
605
6298
1445
8148
1543
2511
1824
865
9540
5862
2094
7913
1267
2100
4387
3747
1661
5297
1939
542
1525
2349
8045
4370
7955
3047
2665
7142
1137
2059
2926
9827
1333
1643
567
7609
1121
6066
7463
625
263
9125
7370
50
7489
9787
1821
3000
1184
5630
3041
4930
515
1250
5820
7035
331
9174
4177
9915
8492
1065
545
558
3719
4895
6258
2214
8582
4340
2767
2061
6086
1168
7904
6077
6444
8843
8139
7251
2466
6594
5787
2705
8673
1723
416
163
7459
6454
6007
5493
6777
8181
7308
2371
1162
9581
8269
4737
9949
8525
4048
2284
9401
7471
9912
6609
4475
3965
1284
860
617
421
5513
6675
8085
6320
4065
3556
1523
8223
1875
908
318
5847
2389
8698
9415
8335
8592
1860
4448
8071
1155
2088
4952
6459
4619
5093
6664
2568
6129
171
334
5679
3635
9088
5111
4152
7624
7301
8131
9688
1582
1561
483
4758
3591
492
9350
8426
2532
7558
5573
1751
7023
4248
907
5659
9327
579
6825
5861
4472
5209
8665
1110
7650
1185
385
5355
7180
4094
4170
9002
7167
4610
6306
9402
6711
7919
2495
7304
4240
1406
2789
5528
9821
756
6713
9
4655
2178
279
8843
5043
748
545
101
7293
2572
7737
8322
7445
9687
5490
652
2287
1120
3857
6989
6175
2060
9961
7057
108
5814
7064
224
1876
52
780
7386
1760
1834
1082
2003
3498
9709
3264
674
3916
3994
2505
2469
8363
744
4753
9303
8372
2220
714
9589
6102
5980
5214
4413
912
3253
8101
2151
2444
7024
8330
2008
2348
2627
7561
5157
5188
5301
7532
3798
6648
5188
8759
1003
1271
378
9744
9795
168
1868
7651
6458
7540
4725
2372
6274
6901
7331
7110
3110
477
8545
6940
5499
1434
2165
8478
840
6857
4410
5342
9544
696
2560
4844
2621
2736
3683
3367
8839
2963
6858
6948
6181
4002
9792
5140
8651
9938
6184
6801
4229
1856
7933
4841
2427
115
6424
2399
8149
7713
7606
2110
2625
3508
7048
2303
5346
2414
7740
6413
5019
8123
2348
7927
5597
7623
3590
5110
494
6896
9084
319
2123
3852
7725
5387
6462
4494
1444
5557
1667
1125
207
5604
696
9685
7955
9722
9923
730
541
9260
2633
2026
8028
7571
2571
235
1582
8993
9859
3493
2600
3384
9969
8969
9674
8744
8687
6755
1633
9528
9771
2923
3983
8711
7750
3298
7416
6115
888
2267
2063
170
2310
2664
7489
2671
5991
8903
4607
5855
7748
3228
4434
2148
3662
1104
1978
8506
7588
2394
1464
784
4628
7566
9916
9441
6258
4499
4865
307
6568
234
1496
9760
4861
3035
6083
3220
5768
6546
8259
9878
4262
5674
4051
7035
8427
3848
9287
5078
9062
7452
8239
2836
3895
4739
5440
920
2261
2289
3637
1554
779
8605
7250
9302
1268
9453
5833
3482
5607
8548
4577
367
2452
8185
7588
4436
2207
489
3767
2295
876
1280
2095
7934
1788
8292
7202
5861
4743
5139
4364
6152
6667
7214
1411
6884
8851
1541
525
3689
1931
7221
4817
1746
4467
1424
2939
2248
2275
5708
5732
3572
5438
3774
1537
9828
8010
6232
1066
7632
7327
3137
510
6365
7325
5588
821
1249
643
5004
2310
8344
493
1806
9451
791
2638
9367
1906
9871
1391
6648
7476
4676
870
8143
5131
8239
8826
9032
9344
1952
1045
6915
1139
3192
2412
8488
8767
726
6012
552
8940
5153
8069
8470
8167
4933
6699
6535
815
2673
6106
1845
3281
2032
8858
8138
1511
4391
3219
8555
6332
2431
8803
418
5379
9138
8141
3761
9449
1532
37
4980
5463
6090
1386
3078
1565
1190
5490
6295
1596
294
8460
5068
3874
1649
6802
3591
443
1011
2270
9129
2774
2259
910
2597
726
8211
683
23
7354
5000
9670
5621
832
4636
4804
5653
533
8928
796
1487
4543
5573
9822
8708
3663
7420
1207
2111
8993
4028
7010
2010
5862
9749
5089
1253
7508
387
5532
7283
652
7589
3737
5893
2989
7470
7100
379
6871
8172
9041
2103
18
1159
7048
389
1808
5596
8752
7385
7056
9179
5032
9847
4772
3869
6466
264
6118
9914
3672
9707
1190
5338
1235
4219
6551
5546
1914
9440
1595
1298
8520
7608
1212
7364
8018
6359
1149
311
759
877
5664
2630
7720
519
5129
403
2041
2984
2546
4239
2649
1162
2800
4942
5807
639
663
8550
2837
877
4938
5801
4938
3546
4149
4308
1634
5331
6510
5287
3185
7363
377
4821
1945
531
1771
5790
8991
4381
2849
5084
5492
7973
4067
8218
1267
202
5603
7676
2790
2425
6346
1531
4174
4307
453
5311
3363
5712
1931
2130
2168
468
5123
4930
8371
4385
5987
6055
3596
2733
1452
2903
9027
5094
1717
3798
535
1267
6180
82
181
4284
1716
6222
3981
6525
1812
5196
8619
71
5132
337
2948
6055
6662
868
3151
2443
1050
647
7847
1330
5609
6889
1102
7172
7231
970
3940
5506
8339
4433
4440
815
6161
9963
9519
5679
1050
293
4915
2367
8586
1755
941
8837
4586
4818
4533
7529
6678
291
73
2308
2642
505
7821
1319
8537
6910
1986
7904
8087
896
1562
537
4007
7962
587
7793
2751
5664
2482
4560
2907
5050
8969
1301
1319
2165
716
9393
9041
4678
1545
8345
5470
417
9079
6040
12
8377
9816
3988
4263
5609
257
4434
8800
546
4393
9436
5403
5110
880
2
1768
5076
4499
4783
2117
9797
6461
7485
3522
7543
5408
7131
2612
4791
5796
9534
8014
4484
4447
9830
8541
6210
1334
7651
531
5933
2786
7719
7558
1166
9623
6206
4218
9043
6865
5627
604
8873
7552
5412
256
509
4981
738
9886
3300
9917
4161
8120
5000
3070
351
960
4612
16
2259
1176
9153
5022
1371
7833
642
7548
5915
4055
972
8348
3490
4933
3755
8028
3711
293
3089
2689
6244
1475
7120
8874
1978
9587
2042
7518
2710
1624
3159
1928
4490
3622
5895
4996
8590
442
776
1754
497
1529
8314
331
4107
7158
3073
2953
9845
3896
7147
1132
1275
4395
627
2194
7504
3654
85
4262
2915
701
1235
7109
8577
8279
4199
1245
6426
7971
1386
359
6553
8870
868
4374
3758
3864
1428
1184
974
3313
9667
3085
9534
1262
2469
6590
1115
8008
1488
9951
286
6727
1423
4928
4606
6466
2761
5248
8007
7530
2718
5275
2073
1992
8017
9447
2036
4
460
9833
8419
7240
7217
429
8038
9220
2797
869
5652
2323
6498
7569
4688
1070
6117
5776
2364
1487
4324
4822
1467
4601
9292
1135
1980
6022
2570
6388
3540
3361
2241
9803
5962
821
9788
9683
1577
9317
7732
2096
6418
7182
9412
8579
992
5162
8139
8302
6864
8630
5057
727
8256
262
8830
4667
6423
840
6920
3445
4486
1782
347
255
6014
3952
6957
3080
8257
9897
4898
54
109
3457
7950
3550
1223
8803
4586
2178
6212
1327
713
2826
3134
5659
3322
5318
1412
1702
8576
3507
8867
4253
5393
1372
6212
7441
652
9187
2262
7672
7887
2160
350
7396
4952
7689
1339
1857
8522
867
9279
6066
7698
6696
9707
1999
9034
6329
5418
9688
7405
9637
1218
4285
1196
7131
8358
4080
6225
3981
5551
3883
4563
7478
7691
5535
73
3613
7222
9788
4514
6090
3561
1944
9236
4248
1057
4394
5428
1963
6610
5718
3925
6773
4923
3758
308
9764
8411
5878
5844
6381
3396
6440
4293
9935
5151
2554
6395
4113
6992
8125
1404
7822
9019
8343
9209
7571
9111
2483
705
7509
83
6536
8242
4488
5606
7383
6785
2526
4795
1289
6796
4412
4381
2249
6879
1716
7135
7885
9348
1086
9312
762
8462
5368
7004
8328
1079
8928
1878
8740
7336
6511
9557
1494
5578
5304
508
2706
8955
6929
95
754
7027
3506
7635
2116
1927
7724
7749
7408
1181
6604
1694
6125
2001
751
1333
4180
1735
6920
2373
6772
6531
6304
9520
3000
1814
845
4644
102
8345
3814
6590
5626
1295
3734
8365
9683
5014
7728
8024
8987
3102
7378
9426
9308
9837
2556
9980
4625
2114
3090
2460
4715
5464
5248
7549
1606
6877
2911
6343
5547
756
9509
7952
4775
2249
5345
6787
3116
7683
8679
5920
1398
366
7528
1108
7169
7449
4855
619
377
3805
3623
9011
4610
5584
2729
1987
9849
4121
5172
1708
5082
5189
8597
318
755
424
458
1966
1721
8520
6858
6326
5402
3351
5816
8653
4931
5663
8279
2313
1362
3523
9343
4979
255
7075
9152
7034
6711
9248
1479
5691
3113
7681
2223
9519
2565
1478
1370
741
400
6539
9568
3825
6509
319
5639
4517
3417
197
1716
2127
5654
330
8481
6627
6587
8857
416
2123
3161
316
4782
1020
1345
243
7019
11
3956
5113
9481
6032
1355
565
9602
4393
8377
7423
7808
4466
749
2116
2311
2980
4380
8412
3910
764
1374
8585
4510
5309
9384
3266
6513
3736
2618
3618
3408
8715
2362
9995
6366
1303
2385
9854
3544
9239
2180
399
537
7582
6182
4612
3768
3024
9580
9839
5909
4740
9681
2653
6613
2648
6474
9165
8906
5958
1533
2821
8374
2246
4430
8833
3777
563
1354
702
1769
962
7240
7335
6682
7952
3500
6221
5279
1804
9742
6268
9399
1989
474
1723
6763
1589
3049
8660
2670
4814
2128
8837
6086
8612
3256
2230
2571
1131
30
5373
2910
9090
395
6974
972
4049
391
3142
2594
1327
5338
4474
3939
9255
7251
5196
2184
3739
1404
286
7624
3513
7437
1386
5576
5517
6688
1441
1012
3640
1941
4866
3854
2848
7703
413
1078
3816
6303
1385
9724
2225
6056
1891
2034
5520
9106
8440
4965
402
283
468
989
1342
8858
4460
1363
7594
3486
4537
4771
2033
1751
4454
8050
8387
3363
1101
9314
9581
1820
156
8931
5898
5264
5533
9756
4154
737
5558
7146
5347
413
5215
4632
9829
6161
5250
3456
1938
4394
4712
6929
5262
1420
2609
7202
8787
9095
3139
7093
5912
358
168
3503
9603
1082
7537
1656
764
9671
464
7326
3733
1740
8420
591
9351
6409
7990
1190
1502
2140
5812
2437
3895
4045
4843
1269
4057
3067
218
1546
3458
933
3637
6058
291
5310
5159
8622
2575
6267
1964
2362
4880
655
6334
5546
6363
9497
110
2158
7236
364
8501
3656
6277
7248
9868
4003
1131
9895
1145
6134
6178
4322
5978
9161
1843
8964
775
4488
1818
3719
1443
133
6108
9998
3091
5282
9561
6459
547
2208
1487
227
6869
354
1295
7022
7899
181
3876
3411
9847
36
8576
739
9649
4711
3369
2276
1881
4955
6805
8050
3485
2312
594
4593
2413
1295
6489
86
2509
979
3524
8263
1819
9706
1149
4960
657
8371
3081
9431
8141
8762
5701
2162
5840
7321
7071
7463
1092
5906
3625
884
4178
1595
3977
8480
5906
4184
8004
9842
2403
6367
5085
4065
4910
760
4120
9948
1366
9860
9236
7451
7427
768
1448
1701
8944
938
5917
7651
609
2323
4445
6677
5577
3397
8826
2148
3067
4726
2737
9719
911
2830
9297
5370
7287
7205
3495
2012
6450
5265
9756
6183
6993
9151
4721
6998
3161
7760
8729
722
6056
9366
4745
2717
6779
7998
7403
9763
2975
8336
9865
6541
7447
309
1752
4664
7982
8441
1410
5702
9373
689
3449
3556
1247
1647
505
9595
3123
5475
9565
8234
9873
6836
7781
1892
81
2863
3366
3014
9832
2303
179
5500
7396
2543
6667
8117
8379
7436
546
9476
4031
6029
1588
9480
4180
7863
1559
5566
7733
1100
6641
3733
2388
4709
122
4386
2048
7552
2835
4502
5724
6859
6711
1853
414
1521
6257
1111
517
100
1358
3549
4127
2205
5140
4780
3209
352
9491
9350
4632
7139
2331
7210
9048
4832
7183
1520
5219
4344
3321
1577
2325
4107
1341
9222
2125
262
1362
3784
3254
6988
382
9272
6566
8392
6465
5033
2567
9073
918
8218
2964
7119
4245
640
422
3693
3852
1908
865
9312
7568
8041
4728
3559
958
5760
5192
8340
5286
4415
3332
6058
7467
831
2524
7558
7620
2261
4371
7555
1303
2276
609
1129
1382
9681
2199
7958
9402
2535
7297
2320
9712
8604
2080
9369
4065
756
9945
8051
5494
6036
5384
9910
3004
5241
6377
929
7588
4938
5864
573
6654
4459
1415
9208
6903
1972
2416
3393
8112
450
3260
8719
817
8268
6948
326
4174
6328
9286
8252
6377
895
858
3017
7929
2350
9540
6286
2281
3519
9405
6472
755
535
3502
6261
9199
8833
1468
1478
342
8299
1770
7653
1644
2943
1483
2633
878
4662
3784
6055
4792
4920
7393
5563
9258
2070
6631
4136
7308
4907
9705
9308
3471
4640
957
4375
8054
6336
402
2798
4229
8796
115
2059
9881
527
2958
2663
1544
772
3814
2363
8986
8791
6679
1299
1784
5449
6536
1541
9668
5224
9365
2240
5209
8206
4909
503
2948
7001
2617
5344
3988
3019
6015
3129
7374
5363
6534
5899
9620
812
2954
6337
4135
6868
8290
2458
3610
8063
4112
6589
1593
7037
569
3069
2458
5498
6918
8781
290
7028
6634
4517
7147
2114
1461
310
8437
8243
9720
5227
9099
2693
9050
928
5111
2727
9691
4839
8921
9393
1255
2857
1171
2130
3389
5306
6713
1914
2816
2672
647
4601
3325
7589
6243
56
9950
9611
1541
1943
2383
6479
7284
5462
5920
4577
6483
9160
698
2723
2443
677
293
3249
27
4271
5784
1568
8318
151
9938
3897
4284
2657
1450
2007
5427
6421
946
9759
9319
1223
5042
9056
4791
1001
8882
2284
6978
5407
3478
3958
3914
4292
5057
3388
104
908
5300
6342
5393
8505
8822
735
1160
9506
2120
7092
6627
3616
5417
1579
6866
6219
5032
838
13
4021
9224
7304
9485
2693
8089
2103
7454
8215
6420
5458
8579
1473
7367
7061
2139
8105
7042
1419
5395
981
1569
5107
9548
6883
3067
5846
6206
123
3114
6040
7420
2066
5276
6685
6586
1456
2473
5359
9421
2180
8454
2669
2323
9078
7002
5797
3299
141
8143
740
8037
9363
8379
189
2740
7061
7871
2665
755
9807
9632
1823
2031
2744
1332
197
3331
3050
8623
1029
2257
5365
3967
3714
2368
1587
2645
9261
1393
4175
4405
51
7063
6146
4559
5578
5301
5055
7007
396
9162
3056
50
4450
2171
7567
7658
2469
3392
6345
4723
6593
1714
5936
39
1084
3906
545
9551
8805
558
5366
2380
6192
144
2044
6165
2993
6871
4599
1921
2886
1466
5172
2183
362
9482
9807
8788
5320
5671
1127
5773
9709
4086
3199
9718
3825
4594
9478
866
5959
9937
3401
1819
1490
1880
8679
9908
3258
401
566
30
6080
4635
7908
7272
6175
611
1104
763
7123
7698
1930
7428
4367
6215
9289
7555
3705
6247
2827
7620
4120
9218
9106
9515
369
1031
5197
4854
1838
9387
2356
254
3105
8102
9465
7838
4840
3822
8699
54
49
9465
4204
2162
3039
3788
6405
6839
6285
377
5321
4894
1331
6937
600
2693
9975
3286
7189
5185
4373
3405
4969
248
1954
2690
7257
5359
2253
2388
9894
5711
4520
7890
3684
8637
1766
4734
5117
2362
8149
9889
2598
6728
1341
9407
9907
8382
1241
9565
6695
2974
8374
9808
9006
1941
570
8919
7918
2595
6184
1196
4826
4444
1984
9591
1482
9566
9532
8596
6056
7652
9672
150
6748
1210
8705
9019
810
6817
8898
3874
2202
2645
8762
2027
665
462
6226
4238
4526
1268
4574
1838
9232
6
2147
9807
3462
5549
9960
9926
2686
4972
6719
3456
4610
4315
6453
3174
2695
9733
392
3759
6952
8206
7865
1270
3444
7977
8914
5790
2147
1608
7242
5827
4446
7653
8502
9011
7472
2305
1314
9357
6839
5324
8945
9032
6703
9908
9489
8119
8850
4833
5267
9851
7864
7088
5418
4826
6437
4318
7953
4879
2292
2809
1409
4146
1870
305
8339
4602
2272
6212
2036
8063
7643
3978
9799
261
2765
8670
4591
646
1553
9630
3020
8015
1074
6309
261
526
7110
4663
5384
9738
2921
877
1710
3859
2967
6226
4434
5372
8606
4924
6899
534
9826
2175
984
2991
4515
7470
1476
8091
4221
9300
2475
8273
9167
771
4179
6746
222
9083
9806
5525
3978
9708
7415
5343
336
4111
587
2577
6434
5058
9162
7338
949
7123
9693
4462
7353
4463
1739
1103
3102
8827
711
348
9477
2195
828
7943
3364
225
844
9867
9087
5552
2436
9517
9411
1393
9924
1634
2164
7278
1183
1282
6938
5837
5214
1611
8663
6760
4377
3641
44
3627
296
8117
253
8493
1271
9116
5266
8402
3609
9009
6624
9776
8094
613
151
9776
5528
4886
4188
2904
7194
4022
1018
8535
9554
1069
2277
2752
265
210
1424
6155
5896
5158
4495
4392
3981
5809
9183
3734
2542
4433
1413
1635
3117
6176
3652
9700
7037
9909
7347
8375
7140
526
2014
4167
8514
3629
1243
4256
3217
5856
288
4836
2125
9206
8884
9742
2069
9646
6739
9540
4802
9010
9190
9970
872
1524
3842
7573
2348
7368
159
6948
7301
3539
1580
3190
6149
7010
5057
2672
8921
4477
1446
9598
159
461
2082
5045
520
7260
5158
646
4110
5309
5979
1509
9368
828
4713
4074
8684
5926
5898
5304
9668
1884
6974
4796
3076
8628
5200
56
4938
2209
840
6337
2199
7748
9203
7622
7261
4130
6192
6146
2442
5592
1484
8100
1252
3261
1393
1388
453
1175
7050
2472
2570
4929
8282
2449
5398
59
9598
816
4540
6802
1712
7989
1468
5122
1805
2681
2093
6281
5497
5569
2797
3517
6322
3942
2117
6849
770
2131
4161
7332
9785
2607
7278
2587
5658
2812
244
5344
2628
6175
102
1018
8436
689
9447
3567
6202
3317
2224
280
6025
8251
1968
5204
4163
1124
6659
4623
868
5959
1798
3844
9485
9444
6937
849
7621
6823
4069
7146
3419
3550
1409
6464
7150
2079
8640
2692
2384
2212
9501
6007
6329
1192
2234
8163
4056
4087
4213
1231
2543
1264
9148
4319
752
7374
2098
6251
9986
1384
515
593
2009
9942
2884
2525
661
1301
8110
104
6793
2700
3181
9422
5023
6736
2436
5140
9802
2389
9827
794
9484
5174
252
2062
169
3142
722
3105
9707
4904
5315
510
424
4700
6360
9128
6305
700
9642
4803
7852
4934
7159
8726
1860
2122
9669
271
1647
710
2119
1815
8209
6320
174
1768
8000
8612
2641
4572
1031
7295
2463
5880
2670
7835
1076
2281
9786
2427
1579
2717
5969
9722
2740
3734
8353
1631
2054
1850
1825
3316
8182
574
840
9303
537
3365
6493
768
7862
4355
6574
4436
1439
9847
901
8938
8145
1305
4104
1836
522
9471
9696
224
3099
2038
9916
8279
5967
6175
9015
661
8683
3896
6791
227
5685
8173
1576
1714
1034
3935
6248
6481
1050
8020
324
5488
1623
526
3395
3013
6863
4848
7873
4719
1589
7311
2031
3818
7111
8166
2809
7251
7227
9148
3848
6700
6523
7209
1161
3137
1444
3639
8333
9548
2825
166
8754
4550
1901
3122
1859
4319
9249
1097
7484
6608
1738
8232
3008
1503
1143
9669
5854
8244
4833
2546
8161
5065
2211
2880
9608
7382
5789
1571
1173
1262
7620
5749
4297
3844
2316
5581
3760
82
120
9089
265
4412
641
2329
1225
6096
3046
4998
6176
8384
1619
8083
7644
7636
5701
5595
6029
1913
5404
6379
1481
5215
1778
8393
8736
6210
8075
9398
1730
6134
7405
2160
1632
1769
1107
7675
8961
2787
3292
2624
9318
3073
3417
294
1344
3763
5432
4385
7680
3778
9034
2792
6031
2038
2667
1419
3071
1303
7331
4917
8466
9811
8360
6110
4521
1903
7815
2884
7488
6577
1683
5180
1736
7294
2396
7027
1141
5999
6404
746
9337
681
62
8849
1664
5565
8680
2306
7518
2205
4571
258
2262
1648
192
2596
13
8696
5622
9887
1982
8434
5201
7760
4638
3918
900
4979
1747
8400
4642
4798
6689
7141
9281
366
6357
1130
2001
8231
8741
8810
9996
9622
4247
6454
2206
1273
1170
1146
8487
1153
451
8062
5694
2391
2912
938
1448
317
7938
6525
1658
4662
174
1104
9355
6472
5380
5574
301
3297
2620
4439
7374
4984
1150
541
9194
421
3041
7839
3315
5236
967
6668
4963
2486
6199
5930
129
6361
2858
4672
2755
9849
6681
96
5891
2374
2375
1705
3349
8536
7020
1996
1720
4400
6993
8957
4202
8017
1587
2477
1649
8463
1666
1430
6904
3927
2281
7126
4278
3135
2483
5871
7030
6799
9547
6766
6370
1056
5508
6603
8096
1908
715
9504
8850
6471
4170
9950
6841
1732
287
2188
1370
3243
4588
6562
2596
2289
9231
5109
4800
5048
5621
1891
9066
1649
1323
8881
2911
8815
6853
6083
8055
1070
4466
7341
293
340
672
1575
2205
8934
6300
5382
1606
2526
3533
6713
7984
1772
3266
2816
5543
1515
8376
6004
8
4694
6544
9331
5043
2490
8545
9163
3298
2301
3786
3769
4985
3999
9018
5090
4719
2848
3236
6657
7820
7042
6205
3570
1731
9041
5352
3840
4994
800
756
2986
2023
5926
660
3354
6933
7769
2783
4665
3848
2649
2329
2173
8198
7681
5634
3253
1526
7465
3918
199
2885
9135
7604
7559
3526
455
2907
8587
6281
3408
66
6348
7232
2265
6638
9616
2926
2581
7369
4614
1825
5019
1273
1057
8146
464
4239
7561
795
2633
5921
2542
7080
3388
5563
2302
6848
3766
5329
889
9942
4226
6440
2803
5387
7560
8358
8059
2006
6469
5702
9769
2071
4778
2704
1277
7688
1975
4153
8245
7253
3433
7735
879
2558
6001
3512
8464
3434
6423
164
1396
8382
7615
5615
8872
3423
2587
4451
2051
2260
3985
1246
7932
3215
1454
7928
6040
4318
2379
4760
2579
3885
1871
7063
1985
4414
5414
485
2677
1580
5569
8010
8642
6956
2317
8928
4273
4836
2280
4463
7314
4721
8529
297
7333
7684
4272
5768
9211
5708
694
3812
5497
1930
8582
3593
526
9617
1684
5576
5845
2301
9740
4845
9053
117
9318
5010
230
6916
4041
2689
7454
5060
8510
287
478
3388
9383
424
4239
8636
8175
1893
1744
9189
9427
6229
748
7007
2642
715
2072
405
2705
1396
8635
2500
8449
860
6705
2436
2197
2642
5665
6358
8415
408
1373
2031
9867
6383
5225
51
4926
4115
9264
8950
7200
7555
3092
1135
6664
661
6965
30
6854
375
8516
6143
7319
6312
5160
735
2468
8744
257
798
6045
989
2763
6342
5732
6279
3092
7083
1596
5031
273
8292
6084
9372
9278
5657
5438
1309
406
2493
7046
2638
7714
2190
6847
1261
5796
1099
3039
172
199
9045
9742
7956
3359
73
3915
263
2183
428
2144
8183
5723
5320
5495
5462
1682
8871
6733
5853
8241
1213
5062
3793
364
1962
4033
6738
7549
448
6253
5318
1274
2563
1164
1766
6147
7999
8279
9399
889
9262
8307
5484
2533
6393
6242
6058
7800
9246
3324
7548
2286
2324
9616
1432
185
4187
3654
5537
859
119
6919
3487
9924
8527
9743
4012
77
5920
9617
6735
3795
1864
667
7215
4665
1664
8828
608
247
2665
9604
8018
1399
5754
3579
4059
8786
2232
3797
4353
4902
6312
1235
4269
4939
1521
989
6348
5606
7894
8416
4536
2301
6690
7586
950
6509
5076
7918
2241
6760
1341
9436
1719
3171
7992
9519
4930
5663
4106
5862
9946
357
5178
2331
2633
232
2466
6496
3264
1926
4534
9324
4280
5695
1301
7968
9867
6729
526
7870
1603
4659
5973
1068
8707
8393
1014
6933
982
7128
7992
1793
9140
1106
9430
5799
1068
2067
7994
96
7614
2501
9179
6685
1128
5617
8969
9563
9972
8263
6774
2742
256
1920
3591
524
9102
2130
2283
5012
8365
148
8411
4079
4360
835
2803
8621
1277
1828
3840
7235
9552
6762
4491
1772
2225
1594
9301
7901
107
4478
5299
7981
8975
6103
4172
4373
3088
950
4127
4341
5216
9580
8363
1287
6396
3665
7290
247
3107
4322
8685
1139
2061
110
1390
16
3929
8276
2082
6286
1943
8549
5837
8732
519
5423
6795
9726
1986
4621
8828
734
6120
1561
7183
5298
3337
755
8674
7053
3928
5639
7545
8343
2028
2218
6285
3777
9049
7125
7271
2404
8288
1317
221
9834
4098
449
3484
2544
9946
2718
9688
5865
2107
3953
4383
2998
8871
6467
996
4037
323
2521
1147
3160
5335
1492
4912
648
9610
3029
1165
649
3709
6198
7467
287
8135
1334
5369
6561
5649
5251
9339
9406
3427
5900
4117
125
6751
6663
2088
4201
2555
2369
2091
1517
4533
612
1262
6844
4083
5998
5771
2564
3912
4272
8687
6020
7502
8883
3751
6059
8912
6498
3134
5187
2310
9972
710
5727
1863
1480
805
1936
106
6631
7618
1582
3934
2692
2048
8277
2923
87
2202
1934
4664
9194
479
5424
9055
6259
4577
1398
5149
6708
216
8434
1902
5551
4829
1090
3625
7022
8723
1331
1671
7410
9608
7604
1754
5114
1613
7788
3036
8311
1746
5853
101
9517
470
5515
562
4509
1197
712
4306
401
755
2370
5634
5447
79
1888
2587
8129
2284
633
2394
9164
116
2677
737
9536
5950
7912
541
7735
7562
268
8888
6370
74
5773
79
4264
1603
987
7462
832
8708
3308
2314
9282
247
6033
6599
1145
7877
7786
4939
7003
5839
9371
1995
8044
8682
5345
8006
6079
2987
3360
823
4079
8963
2607
1038
4045
1196
6983
8528
7227
757
1095
1038
7336
2683
3051
1876
1149
5689
7662
7347
88
880
1870
9473
2534
6154
6479
9983
647
3228
4931
5771
8476
603
2120
7159
4724
4480
1234
8714
3080
5678
8667
6278
9475
3219
4712
1929
4726
9694
2062
2408
3771
8448
2133
2713
2568
2966
1867
4704
6630
3670
2556
9196
4131
1175
9041
3074
7829
4438
662
7595
7856
2199
4193
2794
6218
4024
1631
4176
4428
2124
9713
4899
7451
4695
8200
8556
281
3045
1756
2385
4342
4336
1587
6627
4346
1730
6096
2632
1703
391
1658
347
2523
8374
9999
9026
4900
210
7737
7792
4311
9004
3503
508
3954
412
5887
2211
8240
3040
555
2458
6445
7123
8993
1958
6699
3265
1871
1663
2580
6298
9463
9442
2321
518
5343
9862
6282
8760
1965
3089
2703
1846
1553
9676
8454
8263
4323
1716
3286
6158
5134
803
6260
4103
9517
6382
1964
575
5718
2448
4578
1832
9860
2952
153
3197
9177
2174
7940
1299
2099
443
1131
5953
3374
6521
2944
3858
1483
7945
8227
6632
3760
9748
1155
1987
5679
2228
5190
9474
75
3716
1402
3001
1945
85
1500
4771
4612
2050
8106
2394
6467
3062
2628
422
5406
7149
8376
4674
4815
4600
143
1413
7158
6373
4689
4895
8848
6351
160
6802
2616
3409
1876
8756
8126
9041
2274
1858
4456
6491
7363
5718
1174
2522
1730
2604
1018
4110
6982
2834
3384
8219
4849
2318
218
8671
4472
1588
8167
6742
2164
3192
709
4225
5480
7153
8588
1924
2659
399
5677
15
8648
2351
1171
4928
8941
876
3273
9174
4418
7864
6797
937
4130
8347
1987
6616
4302
8234
8860
8691
9688
4764
344
7003
1277
6425
6826
3670
4343
3525
7708
3591
2786
8012
1955
286
9037
4637
2163
3324
8691
3932
7974
7722
1275
7827
6745
2170
2028
2872
3928
5853
8261
4197
9979
7334
684
2212
2416
9280
4982
6457
1372
9100
8487
1365
6796
3133
5529
1544
4609
3992
162
5383
4843
6373
1073
7342
165
8203
3386
951
5218
1948
6611
9660
7765
7260
5773
2025
5479
9352
967
9910
9957
8708
8511
180
7816
9142
7899
5813
1690
7825
4311
8432
6949
292
7055
4501
2078
2341
4768
863
6818
9064
506
3112
479
804
968
785
3910
1783
2963
8386
8144
2729
1812
9630
2143
1279
9897
9915
4182
689
4506
6705
1611
174
1484
7936
316
5886
9381
4567
4432
3817
1681
306
2896
2902
3045
3588
4454
1142
4834
4645
308
3458
1388
9534
2983
8114
1244
7347
2557
7663
6466
8463
3926
5083
5359
70
1336
4896
8322
2503
8773
6727
610
2481
8416
6010
6667
1865
1629
987
252
8008
521
5175
9201
9881
6858
3813
5932
9860
1448
275
1033
9380
3373
9683
3953
6048
5752
6338
7808
1448
9400
2842
3731
4670
135
3496
1620
2760
3269
8784
553
7747
7015
8607
5721
2538
832
9842
1152
2999
2414
6501
1397
9768
8904
5935
8506
342
2183
1932
6405
5586
3650
5578
61
2929
846
3480
7270
5290
517
9292
4112
7997
7719
8164
4844
9543
5279
8799
1138
3331
3944
9070
1407
7347
5551
6933
8994
8447
634
7078
3337
2044
2169
1183
744
1569
7500
7762
3642
343
7830
2871
8042
79
1952
3005
8356
2040
1121
3350
552
8449
1453
4388
4495
7244
7195
302
9665
8579
5275
9160
4646
9823
6151
1506
5035
1463
6746
4591
344
4518
4671
5480
8191
7408
7035
8738
4856
4118
2589
6222
3867
6968
2821
8080
9213
6459
9955
2034
7966
8283
9969
2010
7026
7027
2868
2921
4320
8970
9391
9733
7639
3520
9352
377
1911
8889
6143
7419
831
1737
1692
8511
1523
5761
7320
2218
2000
9401
8799
954
8387
3359
1045
8676
9526
7471
7367
5709
5325
1475
3171
9869
5377
7692
3498
1953
2522
4450
4916
3088
7890
8264
4821
4145
9927
5492
3919
6395
8881
5118
9240
4252
8614
7862
685
8654
3546
9611
776
7447
2443
2921
1054
896
8524
4787
6507
1896
7615
7810
8690
3466
5529
1708
5072
7116
6993
7848
5745
5577
3769
5601
7333
882
608
9641
1844
3424
1142
1008
1999
1309
4338
2741
1865
7924
9937
5500
1094
262
752
8177
4194
8255
60
252
9925
9784
4903
6
5622
2254
8462
9179
2446
3698
2296
4799
559
915
1186
9398
8788
6073
1177
4159
6891
8051
4824
4096
3280
7171
6995
1320
7851
6376
8450
1185
9101
1805
9042
1237
6071
2592
1576
7123
4492
5622
3112
8769
3640
8269
3205
2692
3904
578
1866
8654
7116
2051
744
551
2403
2808
145
4031
5781
430
2788
4739
3935
1203
9066
766
1003
4745
2385
2578
2230
2405
3990
4167
3750
9079
1849
7907
8955
6495
1275
8730
7684
7150
8683
6712
5574
1259
2737
5821
5497
7767
7515
249
3540
1603
599
4376
6794
3312
5279
6095
6660
2631
1835
5704
8785
6154
4116
2234
7787
1098
8549
3453
668
8091
3671
1836
8753
1141
1581
8299
9742
2189
9421
9995
7570
8387
6304
6108
1213
4876
4235
2867
7631
483
7823
6349
8034
4284
9358
7506
8634
1722
1568
7372
2300
530
1397
9818
141
6670
9451
8561
2652
8406
5954
2594
8995
6380
6510
3794
26
6935
1117
8262
5533
211
9098
7325
3248
1943
7585
7426
4735
9607
9716
3298
6810
2107
9901
9195
2321
4895
7861
1958
5292
1420
4148
5142
6863
9399
1354
6289
2092
1736
5677
9519
4073
4430
1540
880
339
6818
5620
1411
2643
2217
2808
6133
4288
1373
2343
8678
117
1230
2593
7634
8421
9909
8921
1070
5228
5162
6937
7938
1496
5207
4483
8518
7496
5820
5300
3056
9380
8580
3710
5213
9453
9224
3238
7965
4517
9938
9770
1620
4434
5621
9863
8526
6959
6235
7547
3987
4228
1455
870
9644
9256
796
7526
7317
3364
9893
6499
915
2905
583
8920
4759
1109
6524
3828
211
2514
2017
5584
477
2255
1915
8465
3058
1059
7509
2416
2141
79
6125
6728
568
3315
95
1615
2609
7012
4994
2761
9777
381
5394
1738
618
5795
6685
1675
8079
6381
2115
2767
6184
2804
5719
7621
6213
3960
7291
3808
8419
4003
2619
9590
3661
8546
6680
4214
8501
5392
601
7678
5987
8197
333
6700
3533
544
6804
9843
6728
4993
8414
496
3245
9690
9315
8061
1232
2438
5589
1589
5885
6074
2755
6041
132
6747
3344
5139
8199
7697
7955
1882
9681
1371
3632
1765
3353
5699
2343
5667
646
5843
5547
1994
1878
8760
6742
2015
6842
6357
1627
6278
6708
1371
108
1401
2212
3880
2093
6558
7855
9198
2200
1972
9250
8454
5507
4479
101
9380
4367
2453
2579
6125
7362
8375
1400
1942
408
7684
1100
814
9381
5210
6000
1055
7694
9726
3158
8369
4152
1294
5494
1248
3009
518
4110
8319
2622
272
8442
3020
8469
7775
1829
2726
2460
5869
1310
1708
1089
307
3086
7832
971
9146
744
9597
7521
3808
18
29
4426
8989
2084
2973
1188
1590
7471
7836
857
6929
448
1362
1375
2410
4884
3926
7583
1366
2974
9379
1321
8326
4599
828
3269
5662
5333
4781
2733
7942
5327
6676
9801
2705
4928
4047
4843
3533
794
807
5308
122
5598
2462
2647
1406
5865
3238
6997
3032
7936
8514
4776
1683
3999
5681
9596
2990
1566
9399
6538
7930
8182
9214
6383
2323
1507
222
444
658
9338
9656
288
7874
2476
4921
1907
5778
8843
2797
8644
7995
2381
1522
726
6291
671
7967
2486
8945
348
7860
7744
5538
5934
3779
6722
5610
9476
560
4529
8783
3845
2038
3787
563
9843
7882
1613
816
8915
9971
9686
7433
7133
8586
5739
7870
7791
1886
3692
2000
1063
9579
759
4038
6960
3436
9820
8224
2828
1903
6465
9690
8851
2537
1318
6451
3867
3801
5356
542
505
753
6497
408
7655
8738
4751
2572
8486
4103
1415
212
3894
53
4519
8208
660
5409
9428
5403
1266
4402
3988
6668
2685
9897
9306
8923
8123
1215
1255
7717
756
6366
1903
6642
2356
8786
2763
5284
749
8209
3069
9523
4737
2552
1865
6023
7456
9384
2977
277
6367
1522
4897
4509
1931
9791
621
3715
5292
6435
3032
1069
7837
9426
711
2669
5979
3315
7605
704
2524
7492
8056
8229
6897
9198
2931
2498
8799
6443
7117
8324
1579
38
9826
6741
4196
7586
5657
1683
998
6317
2774
6366
9243
5013
1409
2914
6213
8524
5478
3958
1082
6633
3918
9748
2782
9887
6223
5850
4391
129
7711
144
3293
4502
2238
5628
8113
2810
5717
4338
9968
6565
2633
2576
2423
9600
7237
4152
2617
5621
2647
1679
6415
6
1257
2614
2207
7826
4771
4103
497
2611
7071
6995
2542
8314
1197
2169
3337
4687
4088
7241
9874
7892
2057
170
6921
9354
2347
1049
4928
1895
8207
4771
5076
4454
6048
485
7933
6766
5513
2945
1636
4056
6725
1411
9461
2651
8599
4405
549
2138
508
6609
261
9857
7166
1125
2232
140
5643
3387
4753
2409
4085
7337
4641
2670
1787
2135
9056
3774
9911
5103
585
6024
185
7658
9899
9232
9173
8040
1452
2707
1160
3776
8081
7029
8609
8921
4412
1981
9709
3303
1110
1075
579
7755
941
5352
2882
1460
4847
1991
567
9275
3911
4235
7411
8510
8807
5858
3245
8586
6007
6400
9748
5198
2157
2823
7096
238
542
1829
1881
8053
420
9582
5280
367
3601
4587
8493
4710
4754
9571
144
8427
9207
2410
2044
2936
8546
872
1208
4755
734
5691
8120
9685
7026
1199
7244
8795
1494
6332
407
7245
981
161
4147
3790
7732
2160
4228
484
4562
745
1370
1496
5089
7356
2474
9487
8883
5930
9054
9530
408
1675
2876
1163
792
1125
965
1514
859
9067
5520
1143
4033
3892
438
2608
7775
4014
2143
805
5767
290
2573
8922
8428
1114
3542
1837
4228
464
5608
1864
8062
5145
4296
8681
37
8722
236
6817
8790
7769
9434
9594
7151
4095
1312
2909
889
8557
3510
7282
8968
1829
3216
7112
2656
8186
6537
8776
6394
5523
2524
2214
519
6587
4644
6407
2148
4045
935
4633
6463
7102
5279
335
856
5707
5689
9516
795
2821
1585
1107
2174
8458
1758
6748
1158
6166
1961
4217
1839
4394
9828
5305
5628
651
2633
3629
8523
7070
704
6394
6076
6963
933
686
3076
1439
857
8758
9469
1839
6072
6896
3568
426
3324
4476
4950
646
2304
7192
1659
6445
9302
3532
2260
1681
8957
1987
8595
4478
8318
6732
856
3103
7958
1391
842
4548
2472
2932
2678
2034
356
8848
3207
4683
339
3985
9463
4144
3732
9085
7125
1589
9404
1862
7544
948
7993
1008
3043
7332
2616
7318
9513
6506
2664
10
1362
7136
7951
8604
8911
3990
9803
6284
5787
5335
5291
6627
2226
574
4399
9167
1382
8584
5885
8462
2400
1116
6102
2574
6116
8936
5272
3025
7320
2317
2277
9222
9254
6318
1380
8310
1519
756
1766
6413
6179
8726
1804
6330
3487
3543
8904
9064
2214
1201
4561
237
8771
2849
3322
915
7773
4210
6325
2997
572
2607
6004
2365
1003
2515
1376
6092
1039
9539
46
8793
1127
4511
3567
4685
2821
6356
1062
5518
3116
6517
2383
8363
6857
2668
7215
3687
9847
3083
3111
2346
6590
6376
5036
5125
508
2233
2156
4724
4566
4475
2121
5336
320
8426
4330
3094
5292
6476
1139
394
1152
4926
3601
9984
651
5092
3483
2596
6041
1562
1334
3224
8181
2321
1479
6
1838
2519
3534
8487
5757
2165
7457
5844
7014
3983
8982
6155
6989
1063
1382
676
3563
131
8062
979
2401
3265
2584
2769
236
3432
9530
5447
4714
6064
4956
8474
5404
965
8159
397
988
600
7501
5235
2944
775
4172
9973
7792
8670
7719
8467
7765
3613
1214
1502
914
27
1421
6149
6488
1324
763
1406
6580
7392
3235
3272
92
1244
5976
2206
7658
7468
4613
783
8951
1705
3218
2155
5836
5847
830
5457
3045
8467
5801
7671
4951
7915
6113
8105
7956
5646
7537
1158
2428
5782
8836
567
8358
9267
832
7170
9728
7386
8672
7646
515
4685
6738
6279
3050
5005
5075
6756
6100
29
5704
7111
5368
857
9230
821
5209
118
1348
7335
1930
4876
3495
6112
5603
8098
1102
4512
9413
9129
7704
568
8827
3707
2643
191
6849
1013
4030
4293
8265
6947
2097
6182
1276
779
5323
4369
3454
9005
4828
7465
8549
777
5397
3547
4635
273
764
7729
9954
1169
4484
2183
8647
1612
5517
477
1210
8441
487
7884
8285
9486
4525
2748
7275
2699
2624
3940
844
9882
3441
1652
1238
981
1940
1632
7365
4409
4929
6285
2846
1674
1004
242
7680
712
1703
6919
1133
3248
6455
5232
9544
7381
2596
640
4526
2400
4117
2616
4634
870
2716
5967
5508
5449
4205
8710
1418
7970
469
3916
6146
5741
5704
7616
8270
2165
8683
9109
4337
3858
388
3627
65
9216
8751
5195
2445
1522
3698
7523
6721
1703
3779
9683
5128
8300
793
1015
7985
658
5392
7558
629
7089
3472
2298
7400
5981
1232
7073
3406
88
9959
5475
8048
9656
1028
3253
4239
4170
15
1982
1944
8823
3360
9112
7657
582
1214
5433
3971
8259
7770
1187
9168
207
3949
9096
2231
1639
9726
7874
8109
6985
2057
1073
3567
5604
3069
390
1373
4143
8165
8897
7017
286
8249
9302
6144
272
6965
2901
920
2636
1275
1978
7355
2669
4917
1778
9026
7468
2909
4543
7542
8221
16
3069
6867
2812
3040
8150
6335
9402
9690
6291
3289
7458
8072
4037
197
2273
5991
5011
2247
662
9643
1380
1805
53
4449
2623
4226
2338
6822
8849
9056
9933
9158
1999
71
345
5783
5117
2635
2065
8119
7310
2290
2253
8051
3068
4911
6721
5451
8475
1544
5287
2210
9577
159
2095
1530
5640
1679
3971
3103
6832
1028
2416
1250
5215
2704
5042
5129
5842
7580
6719
661
216
4652
1590
9012
3188
1942
6841
4488
2356
1508
5545
3912
2721
9384
5458
1590
3350
9872
9559
6225
7731
2858
8430
1739
6260
1705
7055
1582
846
3960
4873
6506
5626
3950
6774
9074
4390
8435
3856
3160
839
547
2708
2518
1235
6401
8198
7583
4463
9165
677
3492
5060
4969
2128
6363
2727
3112
2617
174
2153
1128
9433
1296
9276
5633
1348
4725
8168
8094
3150
6274
3228
6172
9662
3090
1513
4689
6371
3371
7275
95
1141
577
1065
8809
7357
6233
96
1445
2966
4304
8827
3923
5765
5421
7558
5325
472
8053
290
111
4268
2318
6715
6072
7073
1830
4217
8753
4657
2036
5204
606
6383
7678
6731
4083
2125
9981
4503
7561
8193
4670
363
3746
8936
7419
911
7753
8779
5674
9726
236
9217
7300
5308
7038
8917
5000
5980
1353
201
8640
6784
513
6844
6133
7314
9823
9672
9919
8899
6956
8927
5871
531
252
2631
3345
5968
7821
5283
5340
6946
2480
1397
2604
3670
8807
2480
1698
2170
6272
1539
4697
8441
4273
9043
108
8502
5012
1863
343
6894
837
3578
4268
9065
4122
3004
167
3410
7842
4010
4867
3927
6337
9440
7134
1587
5755
60
6618
5194
1086
9669
8166
3413
2054
7276
1069
3023
7963
257
6461
8910
6749
9401
7355
2742
7059
3134
9604
7339
2000
2296
7671
1381
3399
603
6242
1193
4129
8337
4522
7894
1629
2521
8991
5596
7591
4688
1615
5108
2475
8879
3769
1564
2412
1428
2693
6002
9024
5798
7058
1443
7422
6324
0
8756
5212
1837
1728
9745
3122
6229
8537
7380
290
2182
3564
6776
7564
2197
1641
9422
3373
7607
5907
2752
184
772
3442
8628
6537
7931
9912
4532
4805
1750
935
9772
2645
9791
144
9619
8261
8738
1854
9501
2184
437
7493
2784
6062
1270
6645
7669
4809
4324
1268
6562
9836
3552
2827
5302
1605
629
1998
3300
6093
8614
2386
8580
2061
8039
3419
8310
787
4175
499
1609
6213
3229
66
5643
6277
9448
490
289
886
1067
1922
6665
5774
4737
5206
7742
28
4684
3596
4028
4028
1965
9098
9141
3609
7087
9303
5668
1043
1397
3327
9791
5073
8966
859
1426
1576
4821
8800
9226
2268
1270
4694
1855
9815
2605
6700
9173
1400
3353
2507
3652
2605
162
1416
5847
5700
8831
8157
9427
2318
7035
7562
6105
9717
4680
4824
2397
2736
8788
3871
6855
645
6364
4553
6042
5646
7678
7334
8787
8031
1283
1905
8692
6614
7645
2514
2898
3300
3165
7862
9676
1467
2105
492
6877
2121
5404
1666
4868
5172
526
2527
5361
8726
3637
6753
5491
2667
4860
1659
4512
1561
51
2487
788
6560
6631
1170
4926
6865
5843
2744
1623
6595
4327
2237
7172
820
7561
303
8574
8941
825
9960
5664
4714
5610
7464
4353
1080
1293
8130
8547
6351
927
1398
2235
7586
2647
687
3602
7876
617
3581
8363
9374
5806
8518
3558
1535
1735
3336
7300
1507
2720
8659
1884
6134
1730
4837
9134
2331
5739
9733
6294
8856
2113
4996
2147
9477
1765
1041
1032
1605
9861
3132
9810
4419
6421
2349
5803
7617
8207
8118
1023
2205
5320
2246
2413
6005
69
703
4224
1436
1965
7819
191
5485
5969
554
7522
3888
8906
6735
1894
1579
5649
604
2066
987
